{
 "cells": [
  {
   "cell_type": "markdown",
   "metadata": {},
   "source": [
    "# Apple Stock"
   ]
  },
  {
   "cell_type": "markdown",
   "metadata": {},
   "source": [
    "### Introduction:\n",
    "\n",
    "We are going to use Apple's stock price.\n",
    "\n",
    "\n",
    "### Step 1. Import the necessary libraries"
   ]
  },
  {
   "cell_type": "code",
   "execution_count": 94,
   "metadata": {
    "collapsed": false
   },
   "outputs": [],
   "source": [
    "import pandas as pd\n",
    "import numpy as np\n",
    "import seaborn as sns\n",
    "\n",
    "# visualization\n",
    "import matplotlib.pyplot as plt\n",
    "\n",
    "%matplotlib inline"
   ]
  },
  {
   "cell_type": "markdown",
   "metadata": {},
   "source": [
    "### Step 2. Import the dataset from this [address](https://raw.githubusercontent.com/guipsamora/pandas_exercises/master/09_Time_Series/Apple_Stock/appl_1980_2014.csv)"
   ]
  },
  {
   "cell_type": "code",
   "execution_count": 58,
   "metadata": {
    "collapsed": true
   },
   "outputs": [],
   "source": [
    "file = 'https://raw.githubusercontent.com/guipsamora/pandas_exercises/master/09_Time_Series/Apple_Stock/appl_1980_2014.csv'"
   ]
  },
  {
   "cell_type": "markdown",
   "metadata": {},
   "source": [
    "### Step 3. Assign it to a variable apple"
   ]
  },
  {
   "cell_type": "code",
   "execution_count": 66,
   "metadata": {
    "collapsed": false
   },
   "outputs": [
    {
     "output_type": "execute_result",
     "data": {
      "text/plain": [
       "            Date   Open   High    Low  Close     Volume  Adj Close\n",
       "0     2014-07-08  96.27  96.80  93.92  95.35   65130000      95.35\n",
       "1     2014-07-07  94.14  95.99  94.10  95.97   56305400      95.97\n",
       "2     2014-07-03  93.67  94.10  93.20  94.03   22891800      94.03\n",
       "3     2014-07-02  93.87  94.06  93.09  93.48   28420900      93.48\n",
       "4     2014-07-01  93.52  94.07  93.13  93.52   38170200      93.52\n",
       "...          ...    ...    ...    ...    ...        ...        ...\n",
       "8460  1980-12-18  26.63  26.75  26.63  26.63   18362400       0.41\n",
       "8461  1980-12-17  25.87  26.00  25.87  25.87   21610400       0.40\n",
       "8462  1980-12-16  25.37  25.37  25.25  25.25   26432000       0.39\n",
       "8463  1980-12-15  27.38  27.38  27.25  27.25   43971200       0.42\n",
       "8464  1980-12-12  28.75  28.87  28.75  28.75  117258400       0.45\n",
       "\n",
       "[8465 rows x 7 columns]"
      ],
      "text/html": "<div>\n<style scoped>\n    .dataframe tbody tr th:only-of-type {\n        vertical-align: middle;\n    }\n\n    .dataframe tbody tr th {\n        vertical-align: top;\n    }\n\n    .dataframe thead th {\n        text-align: right;\n    }\n</style>\n<table border=\"1\" class=\"dataframe\">\n  <thead>\n    <tr style=\"text-align: right;\">\n      <th></th>\n      <th>Date</th>\n      <th>Open</th>\n      <th>High</th>\n      <th>Low</th>\n      <th>Close</th>\n      <th>Volume</th>\n      <th>Adj Close</th>\n    </tr>\n  </thead>\n  <tbody>\n    <tr>\n      <th>0</th>\n      <td>2014-07-08</td>\n      <td>96.27</td>\n      <td>96.80</td>\n      <td>93.92</td>\n      <td>95.35</td>\n      <td>65130000</td>\n      <td>95.35</td>\n    </tr>\n    <tr>\n      <th>1</th>\n      <td>2014-07-07</td>\n      <td>94.14</td>\n      <td>95.99</td>\n      <td>94.10</td>\n      <td>95.97</td>\n      <td>56305400</td>\n      <td>95.97</td>\n    </tr>\n    <tr>\n      <th>2</th>\n      <td>2014-07-03</td>\n      <td>93.67</td>\n      <td>94.10</td>\n      <td>93.20</td>\n      <td>94.03</td>\n      <td>22891800</td>\n      <td>94.03</td>\n    </tr>\n    <tr>\n      <th>3</th>\n      <td>2014-07-02</td>\n      <td>93.87</td>\n      <td>94.06</td>\n      <td>93.09</td>\n      <td>93.48</td>\n      <td>28420900</td>\n      <td>93.48</td>\n    </tr>\n    <tr>\n      <th>4</th>\n      <td>2014-07-01</td>\n      <td>93.52</td>\n      <td>94.07</td>\n      <td>93.13</td>\n      <td>93.52</td>\n      <td>38170200</td>\n      <td>93.52</td>\n    </tr>\n    <tr>\n      <th>...</th>\n      <td>...</td>\n      <td>...</td>\n      <td>...</td>\n      <td>...</td>\n      <td>...</td>\n      <td>...</td>\n      <td>...</td>\n    </tr>\n    <tr>\n      <th>8460</th>\n      <td>1980-12-18</td>\n      <td>26.63</td>\n      <td>26.75</td>\n      <td>26.63</td>\n      <td>26.63</td>\n      <td>18362400</td>\n      <td>0.41</td>\n    </tr>\n    <tr>\n      <th>8461</th>\n      <td>1980-12-17</td>\n      <td>25.87</td>\n      <td>26.00</td>\n      <td>25.87</td>\n      <td>25.87</td>\n      <td>21610400</td>\n      <td>0.40</td>\n    </tr>\n    <tr>\n      <th>8462</th>\n      <td>1980-12-16</td>\n      <td>25.37</td>\n      <td>25.37</td>\n      <td>25.25</td>\n      <td>25.25</td>\n      <td>26432000</td>\n      <td>0.39</td>\n    </tr>\n    <tr>\n      <th>8463</th>\n      <td>1980-12-15</td>\n      <td>27.38</td>\n      <td>27.38</td>\n      <td>27.25</td>\n      <td>27.25</td>\n      <td>43971200</td>\n      <td>0.42</td>\n    </tr>\n    <tr>\n      <th>8464</th>\n      <td>1980-12-12</td>\n      <td>28.75</td>\n      <td>28.87</td>\n      <td>28.75</td>\n      <td>28.75</td>\n      <td>117258400</td>\n      <td>0.45</td>\n    </tr>\n  </tbody>\n</table>\n<p>8465 rows × 7 columns</p>\n</div>"
     },
     "metadata": {},
     "execution_count": 66
    }
   ],
   "source": [
    "apple = pd.read_csv(file)\n",
    "apple"
   ]
  },
  {
   "cell_type": "markdown",
   "metadata": {},
   "source": [
    "### Step 4.  Check out the type of the columns"
   ]
  },
  {
   "cell_type": "code",
   "execution_count": 67,
   "metadata": {
    "collapsed": false
   },
   "outputs": [
    {
     "output_type": "execute_result",
     "data": {
      "text/plain": [
       "Date          object\n",
       "Open         float64\n",
       "High         float64\n",
       "Low          float64\n",
       "Close        float64\n",
       "Volume         int64\n",
       "Adj Close    float64\n",
       "dtype: object"
      ]
     },
     "metadata": {},
     "execution_count": 67
    }
   ],
   "source": [
    "apple.dtypes"
   ]
  },
  {
   "cell_type": "markdown",
   "metadata": {},
   "source": [
    "### Step 5. Transform the Date column as a datetime type"
   ]
  },
  {
   "cell_type": "code",
   "execution_count": 68,
   "metadata": {
    "collapsed": false
   },
   "outputs": [
    {
     "output_type": "execute_result",
     "data": {
      "text/plain": [
       "0   2014-07-08\n",
       "1   2014-07-07\n",
       "2   2014-07-03\n",
       "3   2014-07-02\n",
       "4   2014-07-01\n",
       "Name: Date, dtype: datetime64[ns]"
      ]
     },
     "metadata": {},
     "execution_count": 68
    }
   ],
   "source": [
    "apple.Date = pd.to_datetime(apple.Date)\n",
    "apple.Date.head()"
   ]
  },
  {
   "cell_type": "markdown",
   "metadata": {},
   "source": [
    "### Step 6.  Set the date as the index"
   ]
  },
  {
   "cell_type": "code",
   "execution_count": 69,
   "metadata": {
    "collapsed": false
   },
   "outputs": [
    {
     "output_type": "execute_result",
     "data": {
      "text/plain": [
       "             Open   High    Low  Close     Volume  Adj Close\n",
       "Date                                                        \n",
       "2014-07-08  96.27  96.80  93.92  95.35   65130000      95.35\n",
       "2014-07-07  94.14  95.99  94.10  95.97   56305400      95.97\n",
       "2014-07-03  93.67  94.10  93.20  94.03   22891800      94.03\n",
       "2014-07-02  93.87  94.06  93.09  93.48   28420900      93.48\n",
       "2014-07-01  93.52  94.07  93.13  93.52   38170200      93.52\n",
       "...           ...    ...    ...    ...        ...        ...\n",
       "1980-12-18  26.63  26.75  26.63  26.63   18362400       0.41\n",
       "1980-12-17  25.87  26.00  25.87  25.87   21610400       0.40\n",
       "1980-12-16  25.37  25.37  25.25  25.25   26432000       0.39\n",
       "1980-12-15  27.38  27.38  27.25  27.25   43971200       0.42\n",
       "1980-12-12  28.75  28.87  28.75  28.75  117258400       0.45\n",
       "\n",
       "[8465 rows x 6 columns]"
      ],
      "text/html": "<div>\n<style scoped>\n    .dataframe tbody tr th:only-of-type {\n        vertical-align: middle;\n    }\n\n    .dataframe tbody tr th {\n        vertical-align: top;\n    }\n\n    .dataframe thead th {\n        text-align: right;\n    }\n</style>\n<table border=\"1\" class=\"dataframe\">\n  <thead>\n    <tr style=\"text-align: right;\">\n      <th></th>\n      <th>Open</th>\n      <th>High</th>\n      <th>Low</th>\n      <th>Close</th>\n      <th>Volume</th>\n      <th>Adj Close</th>\n    </tr>\n    <tr>\n      <th>Date</th>\n      <th></th>\n      <th></th>\n      <th></th>\n      <th></th>\n      <th></th>\n      <th></th>\n    </tr>\n  </thead>\n  <tbody>\n    <tr>\n      <th>2014-07-08</th>\n      <td>96.27</td>\n      <td>96.80</td>\n      <td>93.92</td>\n      <td>95.35</td>\n      <td>65130000</td>\n      <td>95.35</td>\n    </tr>\n    <tr>\n      <th>2014-07-07</th>\n      <td>94.14</td>\n      <td>95.99</td>\n      <td>94.10</td>\n      <td>95.97</td>\n      <td>56305400</td>\n      <td>95.97</td>\n    </tr>\n    <tr>\n      <th>2014-07-03</th>\n      <td>93.67</td>\n      <td>94.10</td>\n      <td>93.20</td>\n      <td>94.03</td>\n      <td>22891800</td>\n      <td>94.03</td>\n    </tr>\n    <tr>\n      <th>2014-07-02</th>\n      <td>93.87</td>\n      <td>94.06</td>\n      <td>93.09</td>\n      <td>93.48</td>\n      <td>28420900</td>\n      <td>93.48</td>\n    </tr>\n    <tr>\n      <th>2014-07-01</th>\n      <td>93.52</td>\n      <td>94.07</td>\n      <td>93.13</td>\n      <td>93.52</td>\n      <td>38170200</td>\n      <td>93.52</td>\n    </tr>\n    <tr>\n      <th>...</th>\n      <td>...</td>\n      <td>...</td>\n      <td>...</td>\n      <td>...</td>\n      <td>...</td>\n      <td>...</td>\n    </tr>\n    <tr>\n      <th>1980-12-18</th>\n      <td>26.63</td>\n      <td>26.75</td>\n      <td>26.63</td>\n      <td>26.63</td>\n      <td>18362400</td>\n      <td>0.41</td>\n    </tr>\n    <tr>\n      <th>1980-12-17</th>\n      <td>25.87</td>\n      <td>26.00</td>\n      <td>25.87</td>\n      <td>25.87</td>\n      <td>21610400</td>\n      <td>0.40</td>\n    </tr>\n    <tr>\n      <th>1980-12-16</th>\n      <td>25.37</td>\n      <td>25.37</td>\n      <td>25.25</td>\n      <td>25.25</td>\n      <td>26432000</td>\n      <td>0.39</td>\n    </tr>\n    <tr>\n      <th>1980-12-15</th>\n      <td>27.38</td>\n      <td>27.38</td>\n      <td>27.25</td>\n      <td>27.25</td>\n      <td>43971200</td>\n      <td>0.42</td>\n    </tr>\n    <tr>\n      <th>1980-12-12</th>\n      <td>28.75</td>\n      <td>28.87</td>\n      <td>28.75</td>\n      <td>28.75</td>\n      <td>117258400</td>\n      <td>0.45</td>\n    </tr>\n  </tbody>\n</table>\n<p>8465 rows × 6 columns</p>\n</div>"
     },
     "metadata": {},
     "execution_count": 69
    }
   ],
   "source": [
    "apple_new = apple.set_index('Date') \n",
    "apple_new"
   ]
  },
  {
   "cell_type": "markdown",
   "metadata": {},
   "source": [
    "### Step 7.  Is there any duplicate dates?"
   ]
  },
  {
   "cell_type": "code",
   "execution_count": 72,
   "metadata": {
    "collapsed": false
   },
   "outputs": [
    {
     "output_type": "execute_result",
     "data": {
      "text/plain": [
       "True"
      ]
     },
     "metadata": {},
     "execution_count": 72
    }
   ],
   "source": [
    "apple_new.index.is_unique"
   ]
  },
  {
   "cell_type": "markdown",
   "metadata": {},
   "source": [
    "### Step 8.  Ops...it seems the index is from the most recent date. Make the first entry the oldest date."
   ]
  },
  {
   "cell_type": "code",
   "execution_count": 73,
   "metadata": {
    "collapsed": false
   },
   "outputs": [
    {
     "output_type": "execute_result",
     "data": {
      "text/plain": [
       "             Open   High    Low  Close     Volume  Adj Close\n",
       "Date                                                        \n",
       "1980-12-12  28.75  28.87  28.75  28.75  117258400       0.45\n",
       "1980-12-15  27.38  27.38  27.25  27.25   43971200       0.42\n",
       "1980-12-16  25.37  25.37  25.25  25.25   26432000       0.39\n",
       "1980-12-17  25.87  26.00  25.87  25.87   21610400       0.40\n",
       "1980-12-18  26.63  26.75  26.63  26.63   18362400       0.41\n",
       "...           ...    ...    ...    ...        ...        ...\n",
       "2014-07-01  93.52  94.07  93.13  93.52   38170200      93.52\n",
       "2014-07-02  93.87  94.06  93.09  93.48   28420900      93.48\n",
       "2014-07-03  93.67  94.10  93.20  94.03   22891800      94.03\n",
       "2014-07-07  94.14  95.99  94.10  95.97   56305400      95.97\n",
       "2014-07-08  96.27  96.80  93.92  95.35   65130000      95.35\n",
       "\n",
       "[8465 rows x 6 columns]"
      ],
      "text/html": "<div>\n<style scoped>\n    .dataframe tbody tr th:only-of-type {\n        vertical-align: middle;\n    }\n\n    .dataframe tbody tr th {\n        vertical-align: top;\n    }\n\n    .dataframe thead th {\n        text-align: right;\n    }\n</style>\n<table border=\"1\" class=\"dataframe\">\n  <thead>\n    <tr style=\"text-align: right;\">\n      <th></th>\n      <th>Open</th>\n      <th>High</th>\n      <th>Low</th>\n      <th>Close</th>\n      <th>Volume</th>\n      <th>Adj Close</th>\n    </tr>\n    <tr>\n      <th>Date</th>\n      <th></th>\n      <th></th>\n      <th></th>\n      <th></th>\n      <th></th>\n      <th></th>\n    </tr>\n  </thead>\n  <tbody>\n    <tr>\n      <th>1980-12-12</th>\n      <td>28.75</td>\n      <td>28.87</td>\n      <td>28.75</td>\n      <td>28.75</td>\n      <td>117258400</td>\n      <td>0.45</td>\n    </tr>\n    <tr>\n      <th>1980-12-15</th>\n      <td>27.38</td>\n      <td>27.38</td>\n      <td>27.25</td>\n      <td>27.25</td>\n      <td>43971200</td>\n      <td>0.42</td>\n    </tr>\n    <tr>\n      <th>1980-12-16</th>\n      <td>25.37</td>\n      <td>25.37</td>\n      <td>25.25</td>\n      <td>25.25</td>\n      <td>26432000</td>\n      <td>0.39</td>\n    </tr>\n    <tr>\n      <th>1980-12-17</th>\n      <td>25.87</td>\n      <td>26.00</td>\n      <td>25.87</td>\n      <td>25.87</td>\n      <td>21610400</td>\n      <td>0.40</td>\n    </tr>\n    <tr>\n      <th>1980-12-18</th>\n      <td>26.63</td>\n      <td>26.75</td>\n      <td>26.63</td>\n      <td>26.63</td>\n      <td>18362400</td>\n      <td>0.41</td>\n    </tr>\n    <tr>\n      <th>...</th>\n      <td>...</td>\n      <td>...</td>\n      <td>...</td>\n      <td>...</td>\n      <td>...</td>\n      <td>...</td>\n    </tr>\n    <tr>\n      <th>2014-07-01</th>\n      <td>93.52</td>\n      <td>94.07</td>\n      <td>93.13</td>\n      <td>93.52</td>\n      <td>38170200</td>\n      <td>93.52</td>\n    </tr>\n    <tr>\n      <th>2014-07-02</th>\n      <td>93.87</td>\n      <td>94.06</td>\n      <td>93.09</td>\n      <td>93.48</td>\n      <td>28420900</td>\n      <td>93.48</td>\n    </tr>\n    <tr>\n      <th>2014-07-03</th>\n      <td>93.67</td>\n      <td>94.10</td>\n      <td>93.20</td>\n      <td>94.03</td>\n      <td>22891800</td>\n      <td>94.03</td>\n    </tr>\n    <tr>\n      <th>2014-07-07</th>\n      <td>94.14</td>\n      <td>95.99</td>\n      <td>94.10</td>\n      <td>95.97</td>\n      <td>56305400</td>\n      <td>95.97</td>\n    </tr>\n    <tr>\n      <th>2014-07-08</th>\n      <td>96.27</td>\n      <td>96.80</td>\n      <td>93.92</td>\n      <td>95.35</td>\n      <td>65130000</td>\n      <td>95.35</td>\n    </tr>\n  </tbody>\n</table>\n<p>8465 rows × 6 columns</p>\n</div>"
     },
     "metadata": {},
     "execution_count": 73
    }
   ],
   "source": [
    "apple_new.sort_values(by=['Date'], ascending = True)"
   ]
  },
  {
   "cell_type": "markdown",
   "metadata": {},
   "source": [
    "### Step 9. Get the last business day of each month"
   ]
  },
  {
   "cell_type": "code",
   "execution_count": 75,
   "metadata": {},
   "outputs": [
    {
     "output_type": "execute_result",
     "data": {
      "text/plain": [
       "             Open   High    Low  Close     Volume  Adj Close\n",
       "Date                                                        \n",
       "2014-07-08  96.27  96.80  93.92  95.35   65130000      95.35\n",
       "2014-07-07  94.14  95.99  94.10  95.97   56305400      95.97\n",
       "2014-07-03  93.67  94.10  93.20  94.03   22891800      94.03\n",
       "2014-07-02  93.87  94.06  93.09  93.48   28420900      93.48\n",
       "2014-07-01  93.52  94.07  93.13  93.52   38170200      93.52\n",
       "...           ...    ...    ...    ...        ...        ...\n",
       "1980-12-18  26.63  26.75  26.63  26.63   18362400       0.41\n",
       "1980-12-17  25.87  26.00  25.87  25.87   21610400       0.40\n",
       "1980-12-16  25.37  25.37  25.25  25.25   26432000       0.39\n",
       "1980-12-15  27.38  27.38  27.25  27.25   43971200       0.42\n",
       "1980-12-12  28.75  28.87  28.75  28.75  117258400       0.45\n",
       "\n",
       "[8465 rows x 6 columns]"
      ],
      "text/html": "<div>\n<style scoped>\n    .dataframe tbody tr th:only-of-type {\n        vertical-align: middle;\n    }\n\n    .dataframe tbody tr th {\n        vertical-align: top;\n    }\n\n    .dataframe thead th {\n        text-align: right;\n    }\n</style>\n<table border=\"1\" class=\"dataframe\">\n  <thead>\n    <tr style=\"text-align: right;\">\n      <th></th>\n      <th>Open</th>\n      <th>High</th>\n      <th>Low</th>\n      <th>Close</th>\n      <th>Volume</th>\n      <th>Adj Close</th>\n    </tr>\n    <tr>\n      <th>Date</th>\n      <th></th>\n      <th></th>\n      <th></th>\n      <th></th>\n      <th></th>\n      <th></th>\n    </tr>\n  </thead>\n  <tbody>\n    <tr>\n      <th>2014-07-08</th>\n      <td>96.27</td>\n      <td>96.80</td>\n      <td>93.92</td>\n      <td>95.35</td>\n      <td>65130000</td>\n      <td>95.35</td>\n    </tr>\n    <tr>\n      <th>2014-07-07</th>\n      <td>94.14</td>\n      <td>95.99</td>\n      <td>94.10</td>\n      <td>95.97</td>\n      <td>56305400</td>\n      <td>95.97</td>\n    </tr>\n    <tr>\n      <th>2014-07-03</th>\n      <td>93.67</td>\n      <td>94.10</td>\n      <td>93.20</td>\n      <td>94.03</td>\n      <td>22891800</td>\n      <td>94.03</td>\n    </tr>\n    <tr>\n      <th>2014-07-02</th>\n      <td>93.87</td>\n      <td>94.06</td>\n      <td>93.09</td>\n      <td>93.48</td>\n      <td>28420900</td>\n      <td>93.48</td>\n    </tr>\n    <tr>\n      <th>2014-07-01</th>\n      <td>93.52</td>\n      <td>94.07</td>\n      <td>93.13</td>\n      <td>93.52</td>\n      <td>38170200</td>\n      <td>93.52</td>\n    </tr>\n    <tr>\n      <th>...</th>\n      <td>...</td>\n      <td>...</td>\n      <td>...</td>\n      <td>...</td>\n      <td>...</td>\n      <td>...</td>\n    </tr>\n    <tr>\n      <th>1980-12-18</th>\n      <td>26.63</td>\n      <td>26.75</td>\n      <td>26.63</td>\n      <td>26.63</td>\n      <td>18362400</td>\n      <td>0.41</td>\n    </tr>\n    <tr>\n      <th>1980-12-17</th>\n      <td>25.87</td>\n      <td>26.00</td>\n      <td>25.87</td>\n      <td>25.87</td>\n      <td>21610400</td>\n      <td>0.40</td>\n    </tr>\n    <tr>\n      <th>1980-12-16</th>\n      <td>25.37</td>\n      <td>25.37</td>\n      <td>25.25</td>\n      <td>25.25</td>\n      <td>26432000</td>\n      <td>0.39</td>\n    </tr>\n    <tr>\n      <th>1980-12-15</th>\n      <td>27.38</td>\n      <td>27.38</td>\n      <td>27.25</td>\n      <td>27.25</td>\n      <td>43971200</td>\n      <td>0.42</td>\n    </tr>\n    <tr>\n      <th>1980-12-12</th>\n      <td>28.75</td>\n      <td>28.87</td>\n      <td>28.75</td>\n      <td>28.75</td>\n      <td>117258400</td>\n      <td>0.45</td>\n    </tr>\n  </tbody>\n</table>\n<p>8465 rows × 6 columns</p>\n</div>"
     },
     "metadata": {},
     "execution_count": 75
    }
   ],
   "source": [
    "apple_new"
   ]
  },
  {
   "cell_type": "code",
   "execution_count": 87,
   "metadata": {
    "collapsed": false
   },
   "outputs": [
    {
     "output_type": "execute_result",
     "data": {
      "text/plain": [
       "                  Open        High         Low       Close        Volume  \\\n",
       "Date                                                                       \n",
       "1980-12-31   30.481538   30.567692   30.443077   30.443077  2.586252e+07   \n",
       "1981-01-30   31.754762   31.826667   31.654762   31.654762  7.249867e+06   \n",
       "1981-02-27   26.480000   26.572105   26.407895   26.407895  4.231832e+06   \n",
       "1981-03-31   24.937727   25.016818   24.836364   24.836364  7.962691e+06   \n",
       "1981-04-30   27.286667   27.368095   27.227143   27.227143  6.392000e+06   \n",
       "...                ...         ...         ...         ...           ...   \n",
       "2014-03-31  533.593333  536.453810  530.070952  533.214286  5.954403e+07   \n",
       "2014-04-30  540.081905  544.349048  536.262381  541.074286  7.660787e+07   \n",
       "2014-05-30  601.301905  606.372857  598.332857  603.195714  6.828177e+07   \n",
       "2014-06-30  222.360000  224.084286  220.735714  222.658095  5.745506e+07   \n",
       "2014-07-31   94.294000   95.004000   93.488000   94.470000  4.218366e+07   \n",
       "\n",
       "            Adj Close  \n",
       "Date                   \n",
       "1980-12-31   0.473077  \n",
       "1981-01-30   0.493810  \n",
       "1981-02-27   0.411053  \n",
       "1981-03-31   0.387727  \n",
       "1981-04-30   0.423333  \n",
       "...               ...  \n",
       "2014-03-31  75.750000  \n",
       "2014-04-30  76.867143  \n",
       "2014-05-30  86.058571  \n",
       "2014-06-30  91.885714  \n",
       "2014-07-31  94.470000  \n",
       "\n",
       "[404 rows x 6 columns]"
      ],
      "text/html": "<div>\n<style scoped>\n    .dataframe tbody tr th:only-of-type {\n        vertical-align: middle;\n    }\n\n    .dataframe tbody tr th {\n        vertical-align: top;\n    }\n\n    .dataframe thead th {\n        text-align: right;\n    }\n</style>\n<table border=\"1\" class=\"dataframe\">\n  <thead>\n    <tr style=\"text-align: right;\">\n      <th></th>\n      <th>Open</th>\n      <th>High</th>\n      <th>Low</th>\n      <th>Close</th>\n      <th>Volume</th>\n      <th>Adj Close</th>\n    </tr>\n    <tr>\n      <th>Date</th>\n      <th></th>\n      <th></th>\n      <th></th>\n      <th></th>\n      <th></th>\n      <th></th>\n    </tr>\n  </thead>\n  <tbody>\n    <tr>\n      <th>1980-12-31</th>\n      <td>30.481538</td>\n      <td>30.567692</td>\n      <td>30.443077</td>\n      <td>30.443077</td>\n      <td>2.586252e+07</td>\n      <td>0.473077</td>\n    </tr>\n    <tr>\n      <th>1981-01-30</th>\n      <td>31.754762</td>\n      <td>31.826667</td>\n      <td>31.654762</td>\n      <td>31.654762</td>\n      <td>7.249867e+06</td>\n      <td>0.493810</td>\n    </tr>\n    <tr>\n      <th>1981-02-27</th>\n      <td>26.480000</td>\n      <td>26.572105</td>\n      <td>26.407895</td>\n      <td>26.407895</td>\n      <td>4.231832e+06</td>\n      <td>0.411053</td>\n    </tr>\n    <tr>\n      <th>1981-03-31</th>\n      <td>24.937727</td>\n      <td>25.016818</td>\n      <td>24.836364</td>\n      <td>24.836364</td>\n      <td>7.962691e+06</td>\n      <td>0.387727</td>\n    </tr>\n    <tr>\n      <th>1981-04-30</th>\n      <td>27.286667</td>\n      <td>27.368095</td>\n      <td>27.227143</td>\n      <td>27.227143</td>\n      <td>6.392000e+06</td>\n      <td>0.423333</td>\n    </tr>\n    <tr>\n      <th>...</th>\n      <td>...</td>\n      <td>...</td>\n      <td>...</td>\n      <td>...</td>\n      <td>...</td>\n      <td>...</td>\n    </tr>\n    <tr>\n      <th>2014-03-31</th>\n      <td>533.593333</td>\n      <td>536.453810</td>\n      <td>530.070952</td>\n      <td>533.214286</td>\n      <td>5.954403e+07</td>\n      <td>75.750000</td>\n    </tr>\n    <tr>\n      <th>2014-04-30</th>\n      <td>540.081905</td>\n      <td>544.349048</td>\n      <td>536.262381</td>\n      <td>541.074286</td>\n      <td>7.660787e+07</td>\n      <td>76.867143</td>\n    </tr>\n    <tr>\n      <th>2014-05-30</th>\n      <td>601.301905</td>\n      <td>606.372857</td>\n      <td>598.332857</td>\n      <td>603.195714</td>\n      <td>6.828177e+07</td>\n      <td>86.058571</td>\n    </tr>\n    <tr>\n      <th>2014-06-30</th>\n      <td>222.360000</td>\n      <td>224.084286</td>\n      <td>220.735714</td>\n      <td>222.658095</td>\n      <td>5.745506e+07</td>\n      <td>91.885714</td>\n    </tr>\n    <tr>\n      <th>2014-07-31</th>\n      <td>94.294000</td>\n      <td>95.004000</td>\n      <td>93.488000</td>\n      <td>94.470000</td>\n      <td>4.218366e+07</td>\n      <td>94.470000</td>\n    </tr>\n  </tbody>\n</table>\n<p>404 rows × 6 columns</p>\n</div>"
     },
     "metadata": {},
     "execution_count": 87
    }
   ],
   "source": [
    "apple_month = apple_new.resample('BM').mean()\n",
    "apple_month"
   ]
  },
  {
   "cell_type": "markdown",
   "metadata": {},
   "source": [
    "### Step 10.  What is the difference in days between the first day and the oldest"
   ]
  },
  {
   "cell_type": "code",
   "execution_count": 89,
   "metadata": {
    "collapsed": false
   },
   "outputs": [
    {
     "output_type": "execute_result",
     "data": {
      "text/plain": [
       "12261"
      ]
     },
     "metadata": {},
     "execution_count": 89
    }
   ],
   "source": [
    "(apple_new.index.max() - apple_new.index.min()).days"
   ]
  },
  {
   "cell_type": "markdown",
   "metadata": {},
   "source": [
    "### Step 11.  How many months in the data we have?"
   ]
  },
  {
   "cell_type": "code",
   "execution_count": 92,
   "metadata": {
    "collapsed": false
   },
   "outputs": [
    {
     "output_type": "execute_result",
     "data": {
      "text/plain": [
       "404"
      ]
     },
     "metadata": {},
     "execution_count": 92
    }
   ],
   "source": [
    "apple_month.shape[0]"
   ]
  },
  {
   "cell_type": "markdown",
   "metadata": {},
   "source": [
    "### Step 12. Plot the 'Adj Close' value. Set the size of the figure to 13.5 x 9 inches"
   ]
  },
  {
   "cell_type": "code",
   "execution_count": 104,
   "metadata": {
    "collapsed": false
   },
   "outputs": [
    {
     "output_type": "execute_result",
     "data": {
      "text/plain": [
       "[<matplotlib.lines.Line2D at 0x2df2bd40e48>]"
      ]
     },
     "metadata": {},
     "execution_count": 104
    },
    {
     "output_type": "display_data",
     "data": {
      "text/plain": "<Figure size 432x288 with 1 Axes>",
